1
1
1
3
7
13
19
20
20
22
24
28
34
45
45
50
50
59
60
65
72
73
77
92
93
94
99
99
102
107
108
109
113
116
116
120
123
128
130
132
134
138
141
150
151
155
155
156
157
158
162
163
166
166
168
174
178
187
187
187
189
193
193
195
196
213
216
230
231
237
240
241
241
244
244
250
250
251
256
264
271
274
275
278
288
288
292
293
295
298
301
302
303
304
309
310
313
321
327
329
332
336
338
339
339
342
343
348
349
350
351
352
357
357
360
366
366
369
371
371
374
378
382
384
384
384
393
408
410
411
413
422
426
427
432
433
433
434
436
445
449
449
455
456
463
474
481
486
489
492
495
500
510
512
512
518
521
530
531
532
534
535
537
549
549
551
551
553
555
559
568
571
574
574
575
577
583
587
589
593
593
598
599
606
613
613
614
624
625
629
640
649
651
656
658
658
659
676
676
676
677
683
688
692
692
692
700
702
704
706
707
709
716
718
721
726
728
730
734
735
741
743
747
750
751
752
762
762
767
770
770
775
775
783
784
785
785
792
798
809
809
810
815
815
816
827
827
829
830
832
835
836
842
844
847
851
852
854
855
855
856
860
865
869
874
875
882
891
896
911
912
913
916
920
924
924
927
934
936
940
947
950
954
955
959
960
961
962
962
963
976
977
978
981
984
985
988
990
991
997
1003
1003
1004
1004
1004
1005
1009
1012
1013
1013
1014
1018
1022
1026
1026
1035
1035
1036
1039
1046
1050
1053
1059
1063
1063
1065
1069
1069
1071
1072
1073
1074
1075
1075
1077
1078
1080
1080
1081
1094
1100
1104
1109
1110
1111
1114
1121
1123
1126
1129
1133
1133
1141
1148
1154
1158
1161
1163
1164
1168
1168
1174
1183
1184
1187
1188
1188
1199
1206
1210
1211
1212
1215
1216
1218
1220
1221
1221
1224
1227
1228
1230
1234
1236
1243
1250
1257
1259
1259
1264
1272
1273
1274
1277
1278
1280
1285
1286
1286
1286
1288
1290
1291
1296
1297
1299
1302
1306
1311
1312
1313
1313
1313
1316
1318
1324
1325
1329
1330
1335
1336
1339
1339
1342
1345
1347
1348
1348
1351
1351
1352
1358
1359
1361
1362
1366
1371
1371
1380
1382
1387
1390
1391
1397
1398
1401
1404
1406
1409
1411
1412
1413
1414
1418
1419
1421
1424
1430
1435
1446
1449
1450
1474
1478
1480
1481
1482
1485
1491
1503
1507
1507
1508
1508
1514
1519
1519
1522
1525
1528
1529
1530
1532
1533
1534
1536
1540
1541
1543
1545
1550
1551
1562
1563
1564
1565
1565
1567
1568
1569
1569
