105
107
122
221
247
300
319
354
448
553
618
633
645
923
936
1001
1308
1351
1357
1367
1625
1695
1727
1739
1792
1797
1906
1948
2009
2042
2098
2146
2306
2318
2375
2397
2402
2455
2506
2579
2595
2788
2822
3021
3052
3074
3093
3240
3252
3285
3454
3539
3567
3573
3597
3600
3801
3933
4036
4073
4203
4211
4252
4274
4285
4293
4333
4357
4383
4404
4419
4459
4500
4539
4582
4688
4797
4984
5013
5048
5065
5114
5216
5224
5274
5335
5362
5493
5504
5684
5745
5757
5901
5917
5961
6113
6147
6317
6408
6446
6515
6517
6602
6691
6845
6886
6926
6971
7006
7016
7038
7174
7192
7206
7250
7379
7418
7554
7617
7730
7777
7887
8006
8078
8221
8222
8228
8242
8380
8424
8438
8470
8495
8674
8696
8717
8791
8831
8900
8916
8994
9191
9217
9217
9335
9610
9689
9811
9882
9890
9915
9928
9988
10080
10222
10311
10372
10390
10446
10622
10653
10675
10708
10712
10723
10785
10807
10842
10896
11159
11181
11302
11403
11406
11408
11591
11669
11824
11855
11872
11903
12030
12031
12084
12092
12134
12182
12186
12222
12280
12330
12356
12360
12443
12502
12555
12692
12706
12863
12925
13087
13104
13126
13154
13164
13352
13358
13380
13411
13534
13616
13631
13670
13857
13869
14018
14102
14440
14529
14636
14731
14792
14813
14933
14955
15036
15074
15078
15246
15270
15365
15455
15462
15556
15568
15576
15826
15857
15947
15997
16009
16234
16245
16401
16432
16526
16535
16536
16707
16843
16873
16940
16989
17038
17075
17261
17286
17323
17357
17486
17507
17533
17624
17636
17648
17672
17679
17729
17732
17786
17921
17937
18005
18082
18204
18309
18395
18396
18408
18418
18470
18498
18702
18713
18730
18749
18767
18789
18813
18894
19101
19165
19249
19412
19465
19541
19567
19631
19657
19657
19702
19731
19775
19820
19884
20033
20074
20093
20133
20171
20287
20330
20347
20382
20407
20415
20443
20457
20536
20589
20601
20688
20714
20726
20739
20819
20911
20967
20968
21102
21134
21145
21187
21476
21516
21580
21971
21976
21977
22025
22055
22063
22203
22281
22377
22418
22606
22628
22682
22739
22740
22744
22752
22774
22855
22942
22987
23212
23373
23452
23569
23616
23699
23725
23814
23824
23903
23938
23958
24088
24184
24186
24234
24236
24321
24378
24429
24481
24519
24560
24585
24668
24675
24698
24714
24756
24892
25155
25226
25292
25312
25317
25459
25521
25568
25593
25634
25764
25792
25800
25979
25980
26088
26120
26250
26313
26627
26634
26652
26694
26800
26833
26904
26988
27141
27154
27412
27445
27654
27666
27703
27865
27898
27907
27934
27965
27988
27997
28069
28127
28218
28269
28290
28320
28333
28642
28654
28748
28839
28885
28918
28953
28959
29066
29081
29198
29206
29216
29266
29303
29324
29365
29396
29508
29571
29685
29805
29904
29982
30003
30120
30141
30212
30299
30408
30459
30470
30647
30662
30689
30722
30779
30784
30856
30861
30889
30959
30975
30996
31060
31072
31352
31414
31596
31669
31701
31740
31749
31918
31931
31941
32053
32059
32168
32253
32257
32280
32335
32445
32496
32736
