InsercaoBinaria.txt
8
10
10
10
14
17
20
24
27
28
34
40
44
44
49
49
52
53
55
56
58
59
63
65
69
71
77
80
86
88
91
97
99
99
102
104
109
112
119
119
121
126
136
147
150
152
152
155
157
157
161
165
167
170
171
173
175
175
176
176
180
181
185
186
188
189
193
196
197
197
200
201
206
207
209
209
211
221
221
223
224
231
234
238
240
241
257
266
266
268
270
271
273
277
279
280
280
281
286
286
287
293
301
301
304
304
306
309
311
320
321
325
326
326
331
336
338
338
346
349
351
359
363
373
373
374
376
384
386
391
392
401
407
416
419
428
430
432
436
439
444
447
451
459
464
469
470
471
478
486
486
489
492
499
500
501
511
511
512
512
521
523
525
527
529
530
530
535
536
546
548
560
565
568
572
585
587
591
595
599
601
602
603
604
605
614
621
623
624
625
625
627
628
630
636
638
643
643
646
648
650
655
656
659
662
665
670
674
675
675
682
687
687
688
690
691
695
696
700
704
707
710
711
714
717
720
724
724
724
729
742
746
751
751
753
757
759
761
761
765
765
767
767
769
774
776
777
779
782
785
791
791
791
796
800
801
804
805
810
810
814
814
814
818
819
819
822
825
840
842
842
848
849
850
852
857
860
861
863
864
866
868
871
874
877
880
882
884
885
886
893
898
912
912
916
917
920
921
924
925
926
930
937
938
953
959
964
965
967
970
971
978
978
983
984
985
989
996
998
1000
1002
1004
1004
1004
1008
1010
1018
1023
1024
1028
1029
1030
1031
1056
1060
1060
1065
1066
1068
1073
1078
1078
1084
1085
1086
1090
1092
1095
1097
1101
1104
1104
1112
1114
1118
1118
1126
1127
1129
1134
1140
1141
1143
1145
1146
1151
1152
1152
1155
1157
1157
1160
1171
1176
1176
1183
1183
1185
1186
1188
1188
1193
1194
1200
1207
1210
1212
1213
1216
1221
1225
1227
1233
1240
1240
1244
1247
1247
1254
1259
1269
1282
1284
1284
1296
1300
1302
1306
1308
1309
1317
1322
1324
1325
1331
1335
1335
1342
1344
1347
1350
1355
1366
1367
1369
1373
1384
1388
1390
1395
1397
1402
1405
1405
1411
1412
1416
1427
1428
1428
1431
1438
1442
1447
1448
1454
1457
1457
1461
1461
1464
1469
1473
1476
1476
1479
1484
1485
1486
1491
1498
1502
1525
1535
1540
1547
1551
1553
1559
1561
1562
1566
1570
1571
1574
1578
1579
1580
1587
1589
1597
1607
1611
1612
1616
1618
1621
1623
1626
1630
1631
1638
1639
1641
1644
1646
1651
1652
1654
1654
1658
