80
81
157
178
246
316
334
412
571
629
669
725
741
767
880
931
1382
1443
1502
1514
1523
1573
1577
1626
1640
1675
1706
1742
1743
1822
1854
2058
2059
2073
2230
2233
2324
2431
2521
2577
2607
2621
2625
2680
2722
2731
2757
2827
2935
3016
3062
3194
3238
3317
3396
3400
3400
3412
3438
3449
3525
3529
3577
3584
3753
3812
3844
3983
4007
4030
4049
4056
4150
4226
4267
4290
4337
4361
4387
4442
4549
4581
4717
4746
4803
4832
4920
4983
5050
5242
5325
5494
5533
5572
5698
5803
5881
6093
6215
6562
6613
6651
6668
6670
6724
6761
6764
6904
6950
6969
6996
7110
7132
7252
7264
7394
7432
7487
7515
7520
7574
7639
7736
7808
8167
8186
8232
8406
8463
8474
8525
8534
8540
8549
8568
8665
8700
8774
8882
8883
8890
8917
9039
9058
9204
9258
9320
9404
9500
9546
9574
9732
9751
9801
9968
10015
10038
10200
10213
10341
10403
10547
10626
10627
10628
10730
10846
10855
10860
11017
11054
11213
11338
11425
11445
11495
11533
11541
11628
11659
11744
11766
11799
11882
11900
11902
11966
12007
12219
12254
12306
12415
12480
12515
12548
12866
12906
12921
13068
13069
13153
13256
13264
13305
13326
13455
13459
13493
13542
13552
13612
13632
13638
13655
13674
13693
13740
13779
13834
13915
13965
13970
13984
14124
14217
14347
14573
14595
14627
14683
14710
14801
14825
15000
15039
15134
15138
15209
15377
15425
15651
15750
15751
15794
15840
15983
16016
16045
16055
16075
16115
16134
16137
16171
16177
16217
16430
16435
16517
16633
16652
16679
16781
16796
16859
16880
16907
16939
16953
16971
17010
17053
17248
17347
17360
17386
17517
17541
17562
17648
17783
17792
17829
17926
17927
18069
18081
18176
18199
18290
18332
18365
18737
18778
18783
18847
18852
18861
18945
18947
19130
19220
19228
19238
19262
19284
19386
19408
19498
19515
19519
19555
19587
19637
19730
19734
19826
19855
20044
20250
20466
20538
20631
20642
20723
20732
20789
20858
20972
21017
21086
21154
21197
21385
21441
21717
21742
21776
21793
21872
21898
21927
22039
22083
22106
22129
22161
22190
22264
22267
22344
22431
22489
22507
22646
22679
22700
22725
22759
22789
22877
22922
22936
22981
23084
23099
23107
23212
23283
23287
23342
23351
23394
23556
23609
23664
23675
23714
23726
23771
23877
24029
24135
24198
24251
24305
24309
24401
24500
24586
24646
24701
24811
24834
24883
24891
24974
25055
25056
25098
25119
25137
25315
25404
25555
25593
25709
25719
25814
25867
26024
26062
26081
26169
26200
26201
26217
26549
26550
26561
26644
26696
26706
26775
26794
26906
26933
27043
27154
27186
27212
27238
27379
27476
27493
27504
27523
27772
27782
27785
27805
27848
28339
28404
28482
28673
28744
28788
28884
28998
29007
29021
29191
29222
29381
29387
29405
29584
29593
29666
29692
29848
29931
30110
30197
30199
30199
30283
30332
30496
30595
30651
30746
30835
30910
31005
31015
31102
31139
31189
31192
31215
31299
31312
31431
31539
31561
31723
31742
31755
31768
31855
31963
31986
32160
32178
32436
32450
32641
32667
32740
