QuickSort.txt
331
451
492
605
727
743
818
872
1004
1066
1077
1169
1410
1563
1623
1676
1684
1706
1707
1751
1824
1897
1898
1899
1918
1963
2030
2063
2129
2163
2195
2233
2233
2266
2289
2330
2496
2590
2670
2682
2743
2754
2755
2765
2781
2822
2826
2835
2919
2945
2990
3010
3022
3064
3083
3103
3138
3166
3217
3242
3289
3324
3364
3391
3418
3469
3502
3581
3597
3662
3667
3726
3738
3743
3760
3787
3846
3865
3916
3984
3993
4006
4025
4034
4074
4094
4118
4155
4233
4342
4348
4359
4459
4496
4500
4522
4547
4550
4563
4583
