0
1
14
16
19
26
26
26
32
41
42
46
50
69
70
72
81
82
84
92
92
95
96
102
103
106
111
122
122
129
131
132
132
140
146
151
153
159
167
168
170
172
173
188
188
199
203
205
211
212
217
226
227
227
228
230
230
233
234
235
237
238
238
240
245
246
248
249
251
252
253
256
257
260
261
264
265
276
276
279
283
285
290
292
297
299
305
307
310
312
317
322
322
326
333
341
341
344
346
351
353
356
356
359
362
372
379
379
382
382
383
384
387
390
394
395
395
403
405
405
406
411
412
416
418
419
421
422
424
427
427
428
429
431
433
434
434
436
442
443
446
447
447
448
452
452
453
457
466
469
470
475
481
486
488
488
488
494
495
503
504
508
509
510
518
518
518
521
526
526
527
528
529
536
538
539
539
542
544
545
545
548
549
549
550
568
577
578
589
591
604
605
609
611
613
614
619
620
630
631
633
634
641
641
643
645
647
651
657
657
660
661
662
665
670
671
674
674
675
676
678
681
686
688
689
689
692
693
702
707
709
711
711
711
715
716
717
721
724
726
729
730
734
736
737
739
744
749
752
753
753
755
763
763
769
773
775
780
782
787
801
804
805
806
817
817
827
835
836
839
843
844
846
847
848
851
851
853
853
861
861
862
868
874
877
880
883
887
889
893
895
895
896
904
904
908
910
910
910
913
920
921
948
963
967
968
972
973
975
976
977
977
979
981
982
987
989
989
990
992
994
999
1002
1007
1008
1012
1012
1018
1023
1028
1031
1031
1034
1035
1037
1037
1042
1045
1051
1051
1059
1061
1065
1065
1068
1069
1069
1070
1072
1074
1075
1076
1076
1076
1076
1079
1080
1083
1085
1086
1087
1097
1097
1098
1105
1109
1112
1116
1116
1118
1124
1131
1131
1144
1156
1157
1161
1161
1162
1163
1164
1164
1172
1173
1173
1175
1175
1184
1184
1185
1192
1193
1194
1208
1221
1223
1224
1225
1225
1231
1233
1233
1234
1235
1235
1238
1239
1239
1244
1247
1247
1248
1256
1257
1258
1262
1266
1268
1268
1270
1271
1271
1277
1281
1286
1288
1290
1295
1299
1301
1303
1307
1315
1316
1319
1320
1321
1322
1336
1338
1344
1349
1350
1351
1357
1358
1359
1368
1372
1379
1387
1388
1388
1389
1396
1397
1398
1400
1400
1401
1413
1421
1426
1431
1439
1444
1451
1455
1457
1466
1467
1470
1477
1477
1483
1488
1490
1490
1492
1495
1502
1508
1510
1517
1523
1524
1524
1526
1528
1531
1535
1535
1537
1538
1539
1540
1546
1548
1550
1551
1556
