SelecaoHeapSort.txt
452
1239
1763
2056
2078
2850
3061
3789
4150
4284
5202
6275
6581
6671
6797
6811
6870
6974
7119
7259
7286
7811
8176
8212
8253
8288
8292
8416
8482
8586
8802
8992
8993
9088
9481
9496
9651
9847
9885
9981
10011
10030
10037
10193
10485
10521
10568
10667
10830
10837
10973
11002
11035
11065
11402
11544
11714
11719
11743
11752
11781
11783
11833
11930
11970
12143
12198
12405
12578
12663
12748
12771
12906
12976
13034
13182
13184
13204
13234
13370
13397
13450
13584
13617
13641
13746
13784
13820
13884
14083
14196
14228
14296
14309
14330
14336
14682
14717
14720
14916
